'# BARABASI, conf->n_vertex : 100, N_RAN: 1, TIMER: 10000, T_TRANS: 6000 ,DEATH_PROB 0.015000, DEATH_PHASE  2, K 0'
# N_palline(X)	AVG frequency(Y1)	probability(Y2)
0	63.792500	0.637925
1	13.082500	0.130825
2	4.215000	0.042150
3	2.230750	0.022308
4	1.298000	0.012980
5	0.874500	0.008745
6	0.748250	0.007482
7	0.487750	0.004877
8	0.335250	0.003353
9	0.303250	0.003033
10	0.228250	0.002283
11	0.236250	0.002363
12	0.266500	0.002665
13	0.227250	0.002273
14	0.145750	0.001457
15	0.092000	0.000920
16	0.047750	0.000478
17	0.043000	0.000430
18	0.017500	0.000175
19	0.083250	0.000833
20	0.077500	0.000775
21	0.108500	0.001085
22	0.115000	0.001150
23	0.095500	0.000955
24	0.098000	0.000980
25	0.156750	0.001568
26	0.134000	0.001340
27	0.073000	0.000730
28	0.028250	0.000282
29	0.038250	0.000382
30	0.004250	0.000043
31	0.028000	0.000280
32	0.018250	0.000182
33	0.035750	0.000357
34	0.046000	0.000460
35	0.059000	0.000590
36	0.026250	0.000262
37	0.042500	0.000425
38	0.050000	0.000500
39	0.097250	0.000973
40	0.084250	0.000843
41	0.066750	0.000668
42	0.029250	0.000293
43	0.053000	0.000530
44	0.035000	0.000350
45	0.032250	0.000323
46	0.036000	0.000360
47	0.115750	0.001158
48	0.058000	0.000580
49	0.129750	0.001298
50	0.059750	0.000597
51	0.118750	0.001187
52	0.079000	0.000790
53	0.014000	0.000140
54	0.034250	0.000343
55	0.013000	0.000130
56	0.046000	0.000460
57	0.010250	0.000102
58	0.042500	0.000425
59	0.067500	0.000675
60	0.059750	0.000597
61	0.020000	0.000200
62	0.019750	0.000198
63	0.017750	0.000177
64	0.024000	0.000240
65	0.012250	0.000122
66	0.013000	0.000130
67	0.019250	0.000192
68	0.001750	0.000018
69	0.020750	0.000208
70	0.060750	0.000607
71	0.028500	0.000285
72	0.026000	0.000260
73	0.036250	0.000362
74	0.051500	0.000515
75	0.062000	0.000620
76	0.017750	0.000177
77	0.001000	0.000010
78	0.010250	0.000102
79	0.032750	0.000327
80	0.028000	0.000280
81	0.054000	0.000540
82	0.012250	0.000122
83	0.009250	0.000092
84	0.030000	0.000300
85	0.092500	0.000925
86	0.081000	0.000810
87	0.094500	0.000945
88	0.065500	0.000655
89	0.076500	0.000765
90	0.043500	0.000435
91	0.005750	0.000058
92	0.002000	0.000020
93	0.003250	0.000032
94	0.004000	0.000040
95	0.000250	0.000003
96	0.007250	0.000073
97	0.013000	0.000130
98	0.012750	0.000127
99	0.004000	0.000040
100	0.009000	0.000090
101	0.029750	0.000297
102	0.019500	0.000195
103	0.012750	0.000127
104	0.000500	0.000005
105	0.000250	0.000003
106	0.021750	0.000217
107	0.001500	0.000015
108	0.004000	0.000040
109	0.003250	0.000032
110	0.002250	0.000022
111	0.015000	0.000150
112	0.008500	0.000085
113	0.001750	0.000018
114	0.002750	0.000027
115	0.019750	0.000198
116	0.028750	0.000287
117	0.017000	0.000170
118	0.015250	0.000152
119	0.019750	0.000198
120	0.028000	0.000280
121	0.009500	0.000095
122	0.023000	0.000230
123	0.019000	0.000190
124	0.037000	0.000370
125	0.027250	0.000273
126	0.006250	0.000063
127	0.001000	0.000010
128	0.010750	0.000107
129	0.014000	0.000140
130	0.022500	0.000225
131	0.069250	0.000693
132	0.005000	0.000050
133	0.010000	0.000100
134	0.003000	0.000030
135	0.013000	0.000130
136	0.009250	0.000092
137	0.020500	0.000205
138	0.025500	0.000255
139	0.003500	0.000035
148	0.003000	0.000030
149	0.013250	0.000132
150	0.006250	0.000063
151	0.002250	0.000022
152	0.013750	0.000138
153	0.001750	0.000018
154	0.013750	0.000138
155	0.012000	0.000120
156	0.034750	0.000348
157	0.025250	0.000253
158	0.016500	0.000165
159	0.012000	0.000120
160	0.006250	0.000063
161	0.027500	0.000275
162	0.014250	0.000142
163	0.013000	0.000130
164	0.001250	0.000013
165	0.019500	0.000195
166	0.004000	0.000040
167	0.004750	0.000047
168	0.002000	0.000020
169	0.001750	0.000018
170	0.001500	0.000015
171	0.003000	0.000030
172	0.002750	0.000027
173	0.000500	0.000005
174	0.003750	0.000037
175	0.009750	0.000097
176	0.008750	0.000088
177	0.011000	0.000110
178	0.001500	0.000015
179	0.003000	0.000030
180	0.003750	0.000037
181	0.001000	0.000010
182	0.001750	0.000018
183	0.000500	0.000005
184	0.004000	0.000040
185	0.001750	0.000018
186	0.003500	0.000035
187	0.000250	0.000003
188	0.009750	0.000097
189	0.023750	0.000237
190	0.058250	0.000583
191	0.026500	0.000265
192	0.021750	0.000217
193	0.025000	0.000250
194	0.003250	0.000032
195	0.003500	0.000035
196	0.006000	0.000060
197	0.023750	0.000237
198	0.027250	0.000273
199	0.015500	0.000155
200	0.009750	0.000097
201	0.017500	0.000175
202	0.018500	0.000185
203	0.032500	0.000325
204	0.017500	0.000175
205	0.025500	0.000255
206	0.012750	0.000127
207	0.023250	0.000232
208	0.013750	0.000138
209	0.028000	0.000280
210	0.015000	0.000150
211	0.012000	0.000120
212	0.012500	0.000125
213	0.003500	0.000035
214	0.009500	0.000095
215	0.023000	0.000230
216	0.010750	0.000107
217	0.003250	0.000032
218	0.015500	0.000155
219	0.022750	0.000228
220	0.004750	0.000047
221	0.035000	0.000350
222	0.035000	0.000350
223	0.026250	0.000262
224	0.018250	0.000182
225	0.010250	0.000102
226	0.014000	0.000140
227	0.020000	0.000200
228	0.008500	0.000085
229	0.020250	0.000203
230	0.042000	0.000420
231	0.031000	0.000310
232	0.029500	0.000295
233	0.014000	0.000140
234	0.023750	0.000237
235	0.033250	0.000333
236	0.016500	0.000165
237	0.011500	0.000115
238	0.017000	0.000170
239	0.012500	0.000125
240	0.018000	0.000180
241	0.015250	0.000152
242	0.012500	0.000125
243	0.031750	0.000318
244	0.023750	0.000237
245	0.007250	0.000073
246	0.014750	0.000147
247	0.026750	0.000267
248	0.010000	0.000100
249	0.026000	0.000260
250	0.015500	0.000155
251	0.007500	0.000075
252	0.000250	0.000003
253	0.025250	0.000253
254	0.018750	0.000188
255	0.019000	0.000190
256	0.014750	0.000147
257	0.009500	0.000095
258	0.002750	0.000027
259	0.000500	0.000005
260	0.001000	0.000010
261	0.012000	0.000120
262	0.007000	0.000070
263	0.009000	0.000090
264	0.003250	0.000032
265	0.008000	0.000080
266	0.002000	0.000020
267	0.006500	0.000065
268	0.006750	0.000068
269	0.001000	0.000010
270	0.003750	0.000037
271	0.007750	0.000077
272	0.006750	0.000068
273	0.026250	0.000262
274	0.024000	0.000240
275	0.039000	0.000390
276	0.036500	0.000365
277	0.011000	0.000110
278	0.013000	0.000130
279	0.020750	0.000208
280	0.025500	0.000255
281	0.015500	0.000155
282	0.014500	0.000145
283	0.021500	0.000215
284	0.005500	0.000055
285	0.030250	0.000302
286	0.022750	0.000228
287	0.010000	0.000100
288	0.011500	0.000115
289	0.002250	0.000022
290	0.037750	0.000378
291	0.009750	0.000097
292	0.043500	0.000435
293	0.009000	0.000090
294	0.011750	0.000117
295	0.005500	0.000055
296	0.016750	0.000168
297	0.017500	0.000175
298	0.022250	0.000222
299	0.009750	0.000097
300	0.010250	0.000102
301	0.020250	0.000203
302	0.013750	0.000138
303	0.024000	0.000240
304	0.018250	0.000182
305	0.012000	0.000120
306	0.012500	0.000125
307	0.014500	0.000145
308	0.013000	0.000130
309	0.013750	0.000138
310	0.009000	0.000090
311	0.008250	0.000082
312	0.022000	0.000220
313	0.005500	0.000055
314	0.006500	0.000065
315	0.012250	0.000122
316	0.010500	0.000105
317	0.005000	0.000050
318	0.028750	0.000287
319	0.003750	0.000037
320	0.005500	0.000055
321	0.012250	0.000122
322	0.006000	0.000060
323	0.011500	0.000115
324	0.004000	0.000040
325	0.010750	0.000107
326	0.016250	0.000162
327	0.007000	0.000070
328	0.013250	0.000132
329	0.027750	0.000278
330	0.008000	0.000080
331	0.024250	0.000243
332	0.004000	0.000040
333	0.014250	0.000142
334	0.018000	0.000180
335	0.021250	0.000213
336	0.013750	0.000138
337	0.004250	0.000043
338	0.003250	0.000032
339	0.007250	0.000073
340	0.005000	0.000050
341	0.015750	0.000158
342	0.019500	0.000195
343	0.007750	0.000077
344	0.010500	0.000105
345	0.003000	0.000030
346	0.007500	0.000075
347	0.006750	0.000068
348	0.004000	0.000040
349	0.019500	0.000195
350	0.008250	0.000082
351	0.009250	0.000092
352	0.016750	0.000168
353	0.022750	0.000228
354	0.023250	0.000232
355	0.003000	0.000030
356	0.009500	0.000095
357	0.008000	0.000080
358	0.015500	0.000155
359	0.004500	0.000045
360	0.019500	0.000195
361	0.010750	0.000107
362	0.015750	0.000158
363	0.021000	0.000210
364	0.009750	0.000097
365	0.021000	0.000210
366	0.006500	0.000065
367	0.008250	0.000082
368	0.010000	0.000100
369	0.014000	0.000140
370	0.004500	0.000045
371	0.008750	0.000088
372	0.000500	0.000005
373	0.014500	0.000145
374	0.006500	0.000065
375	0.002000	0.000020
376	0.005250	0.000053
377	0.004250	0.000043
378	0.020750	0.000208
379	0.018250	0.000182
380	0.011500	0.000115
381	0.017250	0.000173
382	0.006000	0.000060
383	0.019000	0.000190
384	0.011000	0.000110
385	0.009750	0.000097
386	0.003000	0.000030
387	0.022500	0.000225
388	0.010500	0.000105
389	0.013000	0.000130
390	0.010250	0.000102
391	0.005250	0.000053
392	0.001000	0.000010
393	0.006000	0.000060
394	0.007000	0.000070
395	0.007750	0.000077
396	0.011750	0.000117
397	0.011750	0.000117
398	0.017750	0.000177
399	0.009000	0.000090
400	0.013000	0.000130
401	0.016750	0.000168
402	0.010750	0.000107
403	0.002500	0.000025
404	0.004750	0.000047
405	0.002250	0.000022
406	0.028500	0.000285
407	0.015750	0.000158
408	0.012500	0.000125
409	0.005750	0.000058
410	0.009750	0.000097
411	0.008250	0.000082
412	0.005750	0.000058
413	0.010500	0.000105
414	0.003750	0.000037
415	0.015500	0.000155
416	0.010500	0.000105
417	0.007250	0.000073
418	0.010500	0.000105
419	0.007750	0.000077
420	0.021250	0.000213
421	0.012500	0.000125
422	0.002500	0.000025
423	0.006750	0.000068
424	0.003000	0.000030
425	0.004750	0.000047
426	0.005750	0.000058
427	0.010750	0.000107
428	0.008750	0.000088
429	0.011250	0.000112
430	0.009750	0.000097
431	0.004250	0.000043
432	0.001750	0.000018
433	0.005750	0.000058
434	0.014250	0.000142
435	0.006750	0.000068
436	0.021000	0.000210
437	0.021000	0.000210
438	0.020750	0.000208
439	0.006750	0.000068
440	0.003750	0.000037
441	0.002000	0.000020
442	0.002000	0.000020
443	0.002750	0.000027
444	0.011250	0.000112
445	0.010750	0.000107
446	0.008500	0.000085
447	0.012250	0.000122
448	0.009250	0.000092
449	0.011250	0.000112
450	0.004500	0.000045
451	0.004500	0.000045
452	0.022500	0.000225
453	0.010750	0.000107
454	0.005250	0.000053
455	0.011250	0.000112
456	0.018750	0.000188
457	0.011000	0.000110
458	0.014000	0.000140
459	0.012750	0.000127
460	0.000750	0.000008
461	0.003000	0.000030
462	0.008500	0.000085
463	0.006500	0.000065
464	0.005250	0.000053
465	0.009250	0.000092
466	0.007750	0.000077
467	0.009250	0.000092
468	0.020000	0.000200
469	0.004750	0.000047
470	0.009000	0.000090
471	0.004750	0.000047
472	0.003000	0.000030
473	0.021500	0.000215
474	0.008250	0.000082
475	0.000250	0.000003
476	0.000250	0.000003
477	0.008500	0.000085
478	0.003250	0.000032
479	0.000500	0.000005
480	0.004500	0.000045
481	0.000250	0.000003
482	0.012250	0.000122
483	0.003250	0.000032
484	0.000250	0.000003
485	0.005750	0.000058
486	0.001750	0.000018
487	0.000750	0.000008
488	0.003500	0.000035
489	0.001000	0.000010
490	0.000750	0.000008
491	0.001750	0.000018
492	0.001250	0.000013
493	0.002750	0.000027
494	0.001000	0.000010
495	0.002500	0.000025
496	0.003500	0.000035
497	0.006500	0.000065
498	0.003500	0.000035
499	0.003500	0.000035
500	0.002250	0.000022
501	0.001250	0.000013
502	0.000500	0.000005
503	0.001750	0.000018
504	0.003000	0.000030
505	0.001500	0.000015
506	0.002250	0.000022
507	0.002000	0.000020
508	0.003250	0.000032
509	0.005750	0.000058
510	0.004500	0.000045
511	0.003000	0.000030
512	0.002500	0.000025
513	0.011500	0.000115
514	0.016000	0.000160
515	0.000250	0.000003
516	0.001500	0.000015
517	0.004000	0.000040
518	0.006250	0.000063
519	0.000500	0.000005
520	0.000750	0.000008
521	0.000500	0.000005
522	0.016000	0.000160
523	0.001750	0.000018
524	0.000500	0.000005
525	0.005500	0.000055
526	0.004250	0.000043
527	0.008250	0.000082
528	0.002750	0.000027
529	0.010000	0.000100
530	0.003500	0.000035
531	0.006250	0.000063
532	0.010750	0.000107
533	0.016000	0.000160
534	0.004750	0.000047
535	0.005250	0.000053
536	0.000500	0.000005
537	0.010500	0.000105
538	0.011250	0.000112
539	0.005500	0.000055
540	0.007000	0.000070
541	0.009500	0.000095
542	0.002000	0.000020
543	0.003000	0.000030
544	0.003250	0.000032
545	0.003000	0.000030
546	0.001500	0.000015
547	0.006500	0.000065
548	0.003750	0.000037
549	0.001750	0.000018
550	0.006250	0.000063
551	0.003250	0.000032
552	0.001750	0.000018
553	0.002000	0.000020
554	0.003250	0.000032
555	0.004500	0.000045
556	0.018750	0.000188
557	0.001250	0.000013
558	0.003750	0.000037
559	0.005250	0.000053
560	0.003250	0.000032
561	0.011500	0.000115
562	0.002250	0.000022
563	0.004750	0.000047
564	0.004500	0.000045
565	0.005250	0.000053
566	0.011750	0.000117
567	0.010750	0.000107
568	0.002750	0.000027
569	0.006000	0.000060
570	0.013500	0.000135
571	0.017500	0.000175
572	0.005750	0.000058
573	0.002000	0.000020
574	0.005500	0.000055
575	0.008250	0.000082
576	0.003750	0.000037
577	0.006500	0.000065
578	0.005500	0.000055
579	0.005000	0.000050
580	0.005750	0.000058
581	0.012250	0.000122
582	0.010250	0.000102
583	0.006000	0.000060
584	0.005250	0.000053
585	0.002250	0.000022
586	0.005000	0.000050
587	0.007250	0.000073
588	0.005750	0.000058
589	0.008750	0.000088
590	0.006750	0.000068
591	0.011250	0.000112
592	0.015500	0.000155
593	0.004750	0.000047
594	0.008500	0.000085
595	0.004250	0.000043
596	0.005000	0.000050
597	0.014500	0.000145
598	0.005250	0.000053
599	0.004500	0.000045
600	0.006750	0.000068
601	0.013500	0.000135
602	0.006750	0.000068
603	0.008750	0.000088
604	0.008750	0.000088
605	0.004750	0.000047
606	0.009000	0.000090
607	0.005000	0.000050
608	0.004000	0.000040
609	0.007000	0.000070
610	0.008500	0.000085
611	0.003250	0.000032
612	0.007000	0.000070
613	0.007000	0.000070
614	0.001000	0.000010
615	0.006250	0.000063
616	0.014250	0.000142
617	0.005500	0.000055
618	0.003000	0.000030
619	0.008000	0.000080
620	0.010750	0.000107
621	0.006250	0.000063
622	0.004750	0.000047
623	0.002000	0.000020
624	0.010250	0.000102
625	0.016750	0.000168
626	0.003500	0.000035
627	0.007250	0.000073
628	0.008750	0.000088
629	0.006250	0.000063
630	0.012500	0.000125
631	0.009000	0.000090
632	0.007000	0.000070
633	0.010250	0.000102
634	0.012000	0.000120
635	0.015500	0.000155
636	0.010000	0.000100
637	0.008500	0.000085
638	0.006750	0.000068
639	0.009250	0.000092
640	0.004000	0.000040
641	0.015000	0.000150
642	0.014000	0.000140
643	0.005500	0.000055
644	0.004000	0.000040
645	0.007250	0.000073
646	0.012250	0.000122
647	0.007000	0.000070
648	0.006250	0.000063
649	0.009250	0.000092
650	0.003000	0.000030
651	0.003000	0.000030
652	0.015250	0.000152
653	0.004500	0.000045
654	0.008000	0.000080
655	0.007500	0.000075
656	0.003750	0.000037
657	0.004000	0.000040
658	0.004000	0.000040
659	0.002500	0.000025
660	0.008500	0.000085
661	0.006250	0.000063
662	0.004750	0.000047
663	0.007750	0.000077
664	0.009500	0.000095
665	0.007000	0.000070
666	0.005500	0.000055
667	0.008750	0.000088
668	0.012000	0.000120
669	0.013000	0.000130
670	0.013500	0.000135
671	0.010000	0.000100
672	0.004750	0.000047
673	0.012250	0.000122
674	0.002750	0.000027
675	0.003750	0.000037
676	0.012000	0.000120
677	0.002000	0.000020
678	0.006000	0.000060
679	0.011000	0.000110
680	0.006500	0.000065
681	0.007000	0.000070
682	0.005500	0.000055
683	0.006750	0.000068
684	0.023250	0.000232
685	0.008000	0.000080
686	0.004250	0.000043
687	0.005250	0.000053
688	0.011000	0.000110
689	0.012250	0.000122
690	0.009500	0.000095
691	0.009000	0.000090
692	0.012250	0.000122
693	0.007250	0.000073
694	0.006750	0.000068
695	0.003250	0.000032
696	0.006750	0.000068
697	0.029750	0.000297
698	0.009250	0.000092
699	0.006750	0.000068
700	0.008000	0.000080
701	0.001500	0.000015
702	0.002500	0.000025
703	0.015250	0.000152
704	0.017750	0.000177
705	0.004750	0.000047
706	0.003250	0.000032
707	0.002750	0.000027
708	0.008500	0.000085
709	0.013750	0.000138
710	0.008750	0.000088
711	0.011750	0.000117
712	0.014500	0.000145
713	0.007000	0.000070
714	0.013250	0.000132
715	0.007750	0.000077
716	0.001250	0.000013
717	0.006000	0.000060
718	0.002000	0.000020
719	0.005250	0.000053
720	0.009500	0.000095
721	0.015000	0.000150
722	0.003750	0.000037
723	0.008250	0.000082
724	0.011000	0.000110
725	0.009500	0.000095
726	0.029250	0.000293
727	0.010750	0.000107
728	0.008250	0.000082
729	0.006500	0.000065
730	0.005500	0.000055
731	0.005250	0.000053
732	0.003750	0.000037
733	0.004250	0.000043
734	0.013500	0.000135
735	0.014750	0.000147
736	0.013750	0.000138
737	0.018250	0.000182
738	0.006500	0.000065
739	0.009500	0.000095
740	0.011250	0.000112
741	0.014500	0.000145
742	0.008000	0.000080
743	0.003750	0.000037
744	0.005500	0.000055
745	0.016750	0.000168
746	0.009250	0.000092
747	0.007500	0.000075
748	0.002750	0.000027
749	0.005500	0.000055
750	0.016000	0.000160
751	0.002500	0.000025
752	0.004500	0.000045
753	0.004000	0.000040
754	0.003500	0.000035
755	0.004250	0.000043
756	0.007750	0.000077
757	0.006250	0.000063
758	0.011250	0.000112
759	0.004750	0.000047
760	0.003000	0.000030
761	0.003500	0.000035
762	0.007500	0.000075
763	0.008000	0.000080
764	0.005750	0.000058
765	0.003500	0.000035
766	0.005500	0.000055
767	0.009250	0.000092
768	0.005500	0.000055
769	0.015000	0.000150
770	0.004000	0.000040
771	0.015750	0.000158
772	0.007000	0.000070
773	0.016000	0.000160
774	0.007250	0.000073
775	0.014750	0.000147
776	0.006000	0.000060
777	0.003500	0.000035
778	0.012250	0.000122
779	0.010500	0.000105
780	0.008250	0.000082
781	0.005500	0.000055
782	0.013000	0.000130
783	0.010750	0.000107
784	0.008000	0.000080
785	0.002500	0.000025
786	0.004750	0.000047
787	0.001500	0.000015
788	0.003750	0.000037
789	0.007000	0.000070
790	0.004500	0.000045
791	0.006750	0.000068
792	0.009750	0.000097
793	0.011500	0.000115
794	0.008000	0.000080
795	0.013750	0.000138
796	0.012250	0.000122
797	0.002000	0.000020
798	0.004500	0.000045
799	0.004500	0.000045
800	0.010500	0.000105
801	0.009250	0.000092
802	0.001750	0.000018
803	0.001000	0.000010
804	0.002250	0.000022
805	0.001750	0.000018
806	0.003500	0.000035
807	0.006000	0.000060
808	0.008250	0.000082
809	0.019000	0.000190
810	0.011250	0.000112
811	0.004750	0.000047
812	0.002500	0.000025
813	0.001000	0.000010
814	0.007000	0.000070
815	0.002250	0.000022
816	0.016750	0.000168
817	0.002000	0.000020
818	0.008750	0.000088
819	0.005750	0.000058
820	0.024750	0.000247
821	0.004500	0.000045
822	0.001250	0.000013
823	0.002750	0.000027
824	0.001750	0.000018
825	0.001750	0.000018
826	0.004750	0.000047
827	0.002500	0.000025
828	0.011750	0.000117
829	0.002000	0.000020
830	0.004000	0.000040
831	0.006750	0.000068
832	0.005000	0.000050
833	0.005500	0.000055
834	0.003500	0.000035
835	0.003250	0.000032
836	0.003500	0.000035
837	0.001000	0.000010
838	0.002250	0.000022
839	0.001750	0.000018
840	0.004750	0.000047
841	0.003500	0.000035
842	0.004750	0.000047
843	0.001250	0.000013
844	0.009500	0.000095
845	0.007500	0.000075
846	0.004000	0.000040
847	0.002750	0.000027
848	0.003750	0.000037
849	0.007750	0.000077
850	0.004000	0.000040
851	0.002500	0.000025
852	0.003250	0.000032
853	0.001500	0.000015
854	0.001250	0.000013
855	0.004500	0.000045
856	0.003250	0.000032
857	0.003750	0.000037
858	0.005250	0.000053
859	0.009000	0.000090
860	0.001000	0.000010
861	0.008750	0.000088
862	0.005500	0.000055
863	0.005750	0.000058
864	0.004000	0.000040
865	0.002750	0.000027
866	0.006250	0.000063
867	0.001250	0.000013
868	0.002750	0.000027
869	0.002250	0.000022
870	0.001250	0.000013
871	0.002000	0.000020
872	0.004250	0.000043
873	0.009250	0.000092
874	0.004500	0.000045
875	0.000500	0.000005
876	0.005000	0.000050
877	0.009250	0.000092
878	0.003750	0.000037
879	0.013750	0.000138
880	0.012500	0.000125
881	0.002750	0.000027
882	0.007250	0.000073
883	0.008500	0.000085
884	0.002250	0.000022
885	0.011750	0.000117
886	0.010000	0.000100
887	0.010250	0.000102
888	0.006500	0.000065
889	0.009500	0.000095
890	0.005500	0.000055
891	0.011250	0.000112
892	0.003750	0.000037
893	0.002250	0.000022
894	0.003000	0.000030
895	0.003500	0.000035
896	0.007000	0.000070
897	0.000750	0.000008
898	0.005250	0.000053
899	0.000500	0.000005
900	0.001250	0.000013
901	0.001750	0.000018
902	0.000250	0.000003
903	0.002000	0.000020
904	0.001250	0.000013
905	0.001750	0.000018
906	0.001250	0.000013
907	0.002500	0.000025
908	0.000500	0.000005
909	0.001750	0.000018
910	0.003250	0.000032
911	0.001500	0.000015
912	0.004750	0.000047
913	0.002500	0.000025
914	0.001500	0.000015
915	0.002000	0.000020
916	0.002250	0.000022
917	0.001750	0.000018
918	0.000250	0.000003
919	0.003750	0.000037
920	0.001000	0.000010
921	0.000250	0.000003
922	0.004500	0.000045
923	0.002500	0.000025
924	0.002500	0.000025
925	0.000500	0.000005
926	0.006250	0.000063
927	0.002250	0.000022
928	0.001750	0.000018
929	0.000750	0.000008
930	0.000250	0.000003
931	0.000250	0.000003
932	0.004750	0.000047
933	0.000500	0.000005
934	0.000500	0.000005
935	0.006000	0.000060
936	0.002750	0.000027
937	0.001000	0.000010
938	0.000250	0.000003
939	0.001500	0.000015
940	0.000750	0.000008
941	0.003750	0.000037
942	0.000250	0.000003
943	0.005250	0.000053
944	0.000250	0.000003
945	0.002250	0.000022
946	0.000250	0.000003
947	0.000250	0.000003
948	0.001250	0.000013
949	0.000500	0.000005
950	0.002500	0.000025
951	0.001500	0.000015
952	0.007000	0.000070
953	0.012000	0.000120
954	0.003250	0.000032
955	0.007500	0.000075
956	0.002750	0.000027
957	0.003250	0.000032
958	0.006000	0.000060
959	0.001750	0.000018
960	0.000250	0.000003
961	0.000750	0.000008
962	0.002250	0.000022
963	0.001250	0.000013
964	0.002000	0.000020
965	0.000500	0.000005
966	0.001500	0.000015
